0
1292
2356
3380
4316
5040
5720
6384
6792
7112
7396
7632
7844
7996
8148
8300
8452
8604
8752
8888
9024
9156
9288
9404
9520
9636
9748
9856
9960
10064
10168
10268
10368
10468
10568
10668
10768
10868
10968
11068
11160
11252
11340
11428
11508
11584
11660
11736
11812
11884
11952
12020
12084
12148
12212
12276
12340
12400
12460
12520
12580
12640
12700
12760
12820
12880
12940
13000
13060
13120
13180
13240
13300
13360
13420
13480
13540
13600
13660
13720
13780
13840
13900
13960
14020
14080
14140
14200
14260
14320
14380
14440
14500
14560
14620
14680
14740
14800
14860
14920
14980
15040
15100
15160
15220
15280
15340
15400
15460
15520
15580
15640
15700
15760
15820
15880
15940
16000
16060
16120
16180
16240
16300
16360
16420
16480
16540
16600
16660
16720
16780
16840
16900
16960
17020
17080
17140
17200
17260
17320
17380
17440
17500
17560
17620
17680
17740
17800
17860
17920
17980
18040
18100
18160
18220
18280
18340
18400
18460
18520
18580
18640
18700
18760
18820
18880
18940
19000
19060
19120
19180
19240
19300
19360
19420
19480
19540
19600
19660
19720
19780
19840
19900
19960
20020
20080
20140
20200
20260
20320
20380
20440
20500
20560
20620
20680
20740
20800
20860
20920
20980
21040
21100
21160
21220
21280
21340
21400
21460
21520
21580
21640
21700
21760
21820
21880
21940
22000
22060
22120
22180
22240
22300
22360
22420
22480
22540
22600
22660
22720
22780
22840
22900
22960
23020
23080
23140
23200
23260
23320
23380
23440
23500
23560
23620
23680
23740
23800
23860
23920
23980
24040
24100
24156
24212
24268
24320
24372
24420
24468
24512
24556
24600
24644
24688
24732
24776
24820
24864
24904
24944
24984
25024
25064
25100
25136
25172
25208
25244
25280
25316
25352
25388
25424
25460
25496
25532
25568
25604
25636
25668
25700
25728
25756
25784
25812
25840
25868
25896
25924
25952
25980
26008
26036
26064
26092
26120
26144
26168
26192
26216
26240
26264
26288
26308
26328
26348
26368
26388
26408
26428
26448
26468
26488
26508
26528
26548
26568
26588
26608
26628
26648
26668
26684
26700
26716
26732
26748
26764
26780
26796
26812
26828
26844
26860
26872
26884
26896
26908
26920
26932
26944
26956
26968
26980
26992
27004
27016
27028
27040
27052
27064
27076
27088
27100
27112
27120
27128
27136
27144
27152
27160
27168
27176
27184
27192
27200
27208
27216
27224
27232
27240
27248
27252
27256
27260
27264
27268
27272
27276
27280
27284
27288
27292
27296
27300
27304
27308
27312
27316
27320
27324
27328
27332
27336
27340
27344
27348
27352
27356
27360
27364
27368
27372
27376
27380
27384
27388
27392
27396
27400
27404